#model,Estimate
0;-4.079812854230
0;-0.384541806820
0;0.147619692644
0;-0.087898455131
0;0.654419064228
0;0.253154199109
0;-0.926526242269
0;0.705678700460
0;1.158166884389
0;-0.771599316822
0;-0.262550093886
0;1.763420667090
0;0
0;0.126596846189
0;0.192798575621
0;0.204308107877
0;0.105413438406
0;0.115071416379
0;0.146587042131
0;0.096005644741
0;0.141208609559
0;0.123317467868
0;0.052777278399
0;0.251415664926
0;0.091044169950
0;0.013040748204
0;-0.014681612033
0;0.336075631462
1;-3.017659567935
1;-0.577618454579
1;-0.094098334136
1;0.250114384639
1;0.176633512445
1;-0.266571181320
1;-0.600014557355
1;-0.073063944862
1;0.236871819771
1;-0.090534460644
1;-0.676388348659
1;1.959307868521
1;0
1;0.168118002045
1;0.217387473497
1;0.201923440741
1;0.162303428400
1;0.164360111001
1;0.155726742306
1;0.184047444681
1;0.230436142612
1;0.095610755050
1;0.170800532898
1;0.281837013156
1;0.131121055935
1;0.016147166459
1;0.015024701873
1;0.015333153438
1;0.015744472189
1;0.016219680642
1;0.016408534451
1;0.015206905662
1;0.014440110834
1;0.017288763008
1;0.015655034889
1;0.010890955663
1;0.016260379913
1;-0.061402859391
1;-0.017454950735
1;0.230317143516
2;-3.251003177601
2;-0.986365350529
2;-0.199536220314
2;0.169438465214
2;0.275969168471
2;-0.380062200889
2;-0.648512668536
2;-0.186008692284
2;-0.286501850340
2;0.112440462466
2;-0.900146230303
2;1.766821483738
2;0
2;-0.068109286309
2;0.092554664286
2;0.138223242955
2;0.216201979465
2;0.105742599146
2;0.002394787672
2;-0.010236546469
2;-0.008671596569
2;0.142031193011
2;0.142713672080
2;0.333597229110
2;-0.105068078667
2;-0.000408898853
2;0.013599777556
2;0.011349974180
2;0.020435384721
2;0.012853385253
2;0.006328262853
2;0.000826342484
2;0.014508648722
2;0.013680352257
2;0.022587623851
2;0.017378738384
2;-0.002866010200
2;0.199498031695
2;0.077800998401
2;-0.016155990036
2;-0.147073249796
2;0.000362780168
2;0.102935223563
2;0.121355196665
2;0.202648146439
2;-0.078371394631
2;-0.071810923792
2;-0.156973503000
2;0.108381924132
2;-0.001109956955
2;-0.016642127399
2;-0.012583672043
2;-0.020910696841
2;-0.013930684164
2;-0.007265160434
2;-0.002580119289
2;-0.018500333995
2;-0.014122805754
2;-0.023660159360
2;-0.019664477407
2;0.002948808681
2;0.265224086930
3;-2.160073984743
3;-0.722858602561
3;-0.835769284493
3;-0.232251414836
3;0.353898214166
3;-0.315452264726
3;-0.503016298270
3;0.005068614479
3;-0.238130992639
3;-0.393715248848
3;-0.374110152723
3;2.256792621089
3;0
3;-0.010918084454
3;-0.017827941290
3;0.022006712950
3;0.021675879899
3;0.020180195192
3;0.001239620262
3;0.032669225482
3;-0.137878303194
3;0.565011288069
3;-0.073699969598
3;0.375073668900
3;0.013784959572
3;-0.000480430820
3;-0.003432172297
3;0.000124774592
3;-0.000234422322
3;-0.000788668939
3;-0.000214456644
3;-0.001694656145
3;-0.002172157701
3;-0.000732921238
3;-0.000608782907
3;0.016033973421
3;0.001131604056
3;0.086969120055
3;0.217944185703
3;0.020679056468
3;0.035735476851
3;0.055834161200
3;0.039232812019
3;0.049601670107
3;0.277761733071
3;-0.512387374836
3;0.109347948072
3;-0.475065929461
3;-0.076074916790
3;0.142365685511
4;-2.411280112396
4;-0.980518361017
4;-0.675217251858
4;-0.233717637839
4;-0.049245766161
4;-0.471808577377
4;-0.804119972486
4;-0.059623479942
4;0.236200982232
4;-0.277628166596
4;-0.774065730637
4;1.924018003230
4;0
4;0.132754669898
4;0.057759525813
4;0.083437585666
4;0.066439698566
4;0.082056788288
4;-0.014950145511
4;0.143169430783
4;0.220689249478
4;0.171160398768
4;0.109439629439
4;0.341805674505
4;0.035358563086
4;0.014864584037
4;0.006112730434
4;0.006892177676
4;0.006232486388
4;0.008931426010
4;0.003672887791
4;0.011934409549
4;0.015778690196
4;0.016066377768
4;0.012201852329
4;0.014912930968
4;0.002314544850
4;-0.032921274867
4;0.114595312583
4;0.022476677720
4;0.030623979804
4;0.017248549163
4;0.085497743177
4;-0.060875025844
4;-0.129186030031
4;-0.137151381702
4;-0.034614893337
4;-0.209206348448
4;0.016968765231
4;-0.016091354337
4;-0.009012345116
4;-0.008047108525
4;-0.007857683933
4;-0.010239022924
4;-0.004354298054
4;-0.013306378241
4;-0.017156306557
4;-0.016381227597
4;-0.013369351544
4;-0.018339421530
4;-0.003353264624
4;0.185277648157
5;-1.465541155745
5;-1.354511443280
5;-0.715941717635
5;-1.887073453570
5;-0.585572694946
5;-1.251434040338
5;-1.944992871970
5;-0.491743137013
5;0.286637180672
5;-2.930524014160
5;-7.992079966143
5;2.520840208443
5;0
5;0.002451550620
5;0.110384543480
5;0.020334963012
5;0.045480734460
5;0.030514044440
5;-0.018456535225
5;0.053017203512
5;0.074511170316
5;0.236179846770
5;0.518364033419
5;0.211277759898
5;0.084792442024
5;0.001010406887
5;0.004008106588
5;-0.001716628668
5;-0.000317454918
5;0.000370510523
5;0.002334151371
5;0.000238758061
5;0.000599314211
5;-0.005469329318
5;-0.008564671692
5;-0.005240726418
5;-0.002038831893
5;0.205112390316
6;-1.601260408927
6;-1.503319573301
6;-1.060825824343
6;-1.223588307593
6;-0.576981677155
6;-0.673205234429
6;-1.588192500873
6;-0.369102304682
6;-0.039288732638
6;-0.923305999078
6;-1.836091707202
6;3.443171610455
6;0
6;-0.018075318024
6;0.082184992879
6;0.036033343747
6;0.137348798620
6;0.195522448785
6;-0.095580090839
6;0.234910305814
6;0.215107894428
6;0.115384928266
6;0.028959537681
6;0.434541335355
6;0.206326304870
6;0.003020883431
6;0.013026881007
6;0.003022346869
6;0.013077011492
6;0.018120074701
6;-0.000443529652
6;0.020200694369
6;0.021907713759
6;0.021322638556
6;0.010519644704
6;0.011076439037
6;0.015056037627
6;0.117674551334
6;0.122117815701
6;-0.018978840517
6;0.002203845106
6;-0.129446502166
6;0.169273607976
6;-0.117123682715
6;0.013969003868
6;-0.099534862307
6;0.078012657782
6;-0.454180241945
6;-0.154230249310
6;-0.003815846605
6;-0.015654949157
6;-0.002177098311
6;-0.015366638252
6;-0.018315401797
6;0.000033449950
6;-0.021764706765
6;-0.025285959387
6;-0.021594083345
6;-0.011560727322
6;-0.010543639069
6;-0.015590312259
6;0.092894241721
7;-2.135369137805
7;-0.574766639796
7;0.284687503882
7;0.379123862806
7;0.548119818026
7;-0.272930514566
7;-0.443438037729
7;0.664470122868
7;0.874140572940
7;0.108546032839
7;-0.190325533019
7;2.507339408641
7;0
7;0.088160082569
7;0.113150716397
7;0.053418527108
7;0.059587032074
7;0.074727008710
7;0.071229465978
7;0.099697164549
7;0.109920874028
7;0.019204595911
7;0.061624532374
7;0.187455353390
7;0.079205117764
7;0.006435933022
7;0.006394225053
7;0.007261997151
7;0.006617467772
7;0.006916977148
7;0.006443631498
7;0.005149690485
7;0.005135664720
7;0.007296679940
7;0.006265590577
7;0.001621350411
7;0.006167686395
7;-0.007428993402
7;0.145097796040
8;-0.945828887396
8;-1.308601664913
8;-0.839306144573
8;-0.264547571119
8;-0.325697915618
8;-0.489978131638
8;-0.531573576014
8;-0.506097891383
8;0.403598795643
8;-0.230629547058
8;0.448875106147
8;3.341656607252
8;0
8;-0.024667649010
8;-0.016996498921
8;-0.002579949835
8;-0.044684777461
8;-0.007910817240
8;-0.009308819214
8;-0.015800630674
8;0.054109762463
8;0.030006095070
8;0.112066064544
8;0.259989619833
8;0.030585394530
8;0.081640918441
8;0.181802428732
8;0.077687729343
8;0.110416030451
8;0.056064331438
8;0.068347322180
8;0.065732312341
8;-0.006149079406
8;-0.013780151398
8;-0.102356936337
8;-0.211694067294
8;-0.004530074276
9;-0.830186495235
9;-1.343891459709
9;-0.301840234541
9;-0.847131123852
9;-0.447405962897
9;-0.841943390139
9;-1.983984542916
9;-0.662213695028
9;-1.088039133986
9;-2.265961919410
9;-1.161940013812
9;2.173668313870
9;0
9;0.071666184817
9;-0.000434149876
10;-3.802601802
10;-1.943461436
10;-4.194033592
10;-1.87945123
10;-2.094938704
10;-2.604622015
10;-2.301321871
10;-0.643368764
10;-1.109648831
10;-0.045188268
10;1.312709231
10;0
10;-0.192537956
10;0.481216131
10;0.572155726
10;0.516288042
10;0.638171031
10;0.526064978
10;0.44319331
10;0.3877629
10;0.585503523
10;0.24362256
10;0.64672249
10;0.208000097
10;-0.003528895
10;0.006775531
10;-0.005572193
10;-0.008626511
10;-0.003381852
10;-0.00229595
10;-0.002169313
10;-0.005803276
10;-0.013142381
10;-0.02840593
10;0.000141236
10;0.276293403
11;-3.558591928
11;-3.994938
11;-4.0323751
11;-0.117742981
11;-3.485243158
11;-2.787650993
11;-1.850420428
11;-3.111102009
11;0.949291979
11;0
11;-0.08055226
11;-0.010852032
11;0.430691642
11;-0.101609831
11;-0.04910337
11;-0.000723157
11;-0.149500316
11;0.363891718
11;1.83330101
11;0.321536472
11;0.442030834
11;-0.66280873
11;0.275990018
11;0.216147885
11;0.1586999
11;0.577680374
11;-0.074586158
11;-1.832126379
11;-0.00270596
11;-0.007250325
11;0.022472077
11;-0.00026639
11;-0.001069866
11;-0.003335893
11;-0.020827774
11;-0.011571056
11;-0.000615357
11;0.675218269
12;-2.353014746
12;0.034399462
12;-0.101638297
12;0.019551864
12;-0.084388704
12;-0.126250605
12;0.122542469
12;0.176630547
12;0.080065153
12;0.359019821
12;0.079964536
12;12;0.230740155
12;0.254847024
12;-0.132833876
12;-0.234563828
12;-0.001039748
12;-0.004567969
12;-0.000700915
12;-0.001978088
12;-0.004235998
12;0.000669308
12;0.000694263
12;-0.039210835
12;0.001869091
12;0.015133114
12;-0.030288102
12;0.606996404
12;0.035741363
12;0.487034066

13;-3.978491957
13;1.14596242
13;1.845430129
13;1.87210695
13;0.861981082
13;5.720941389
13;3.887126226
13;0
13;0.119738344
13;0.162277158
13;0.172491376
13;0.138298023
13;0.074880482
13;0.352623283
13;0.17907829
13;0.013187247
13;0.021477324
13;0.015196316
13;0.011604852
13;0.011040207
13;-0.002227485
13;0.018857177
13;-0.014760134
13;-0.024215956
13;-0.016665049
13;-0.013294032
13;-0.014395813
13;-0.089447093
13;-0.020855211
13;0.010470494
13;-0.01728941
13;-0.00633438
13;0.043878957
13;0.006851053
13;0.127827881
13;0.039230564
14;3.094874721
14;0.141731015
14;0.209395899
14;0.092163279
14;-0.123801413
14;-0.309540885
14;-0.668422222
14;-0.050702375
